0.173519801348 0.153333936632
0.174000892788 0.15329400897
0.172207266092 0.153277811408
0.173334155232 0.153272531927
0.173559661955 0.153277276456
0.174735859036 0.153273656964
0.173362642527 0.153251543641
0.174350768328 0.153236889839
0.174360893667 0.153233373165
0.173946820199 0.153220647573
0.175026133657 0.153192959726
0.173342030495 0.153180104494
0.172205958515 0.153201553226
0.173581883311 0.153193704784
0.173795912415 0.153201135993
0.175780110061 0.153194731474
0.173919867724 0.153205096722
0.17406828329 0.153198802471
0.173153080046 0.153180921078
0.174168214202 0.153190107644
0.172981284559 0.153199276328
0.174667932093 0.153188468516
0.173676695675 0.153174078465
0.174125891179 0.15318018645
0.173968885094 0.153182969987
0.17298772186 0.153177800775
0.174524076283 0.153186002374
0.171964898705 0.153170613945
0.173978526145 0.153167486191
0.171891205013 0.153167168796
0.17310788855 0.153145341575
0.173954375088 0.15316156745
0.173542011529 0.153153011203
0.173051930964 0.153152306378
0.172340452671 0.153132036328
0.174489233643 0.153145904839
0.171394672245 0.1531450212
0.171081144363 0.153137677908
0.173647474498 0.153147469461
0.172953490168 0.1531422019
0.170801214874 0.153134804964
0.172250572592 0.153109461069
0.175063423812 0.153111793101
0.172506161034 0.153107875586
0.174235802144 0.153091332316
0.173293538392 0.153083959222
0.173596173525 0.153085419536
0.175156351179 0.153085468709
0.173533044755 0.153072735667
0.17210668698 0.153070998192
0.174737073481 0.153358522058
0.173497527838 0.153323107958
0.173347454518 0.153287322819
0.173619825393 0.153273993731
0.171818714589 0.153259536624
0.173164021224 0.153259798884
0.173475667834 0.153253106773
0.174163963646 0.153250320256
0.173767637461 0.153247854114
0.174178119749 0.153260393441
0.172678411007 0.15324293226
0.175025496632 0.153255861998
0.17522463575 0.153243203461
0.171640962362 0.153244283795
0.172239385545 0.153222879767
0.172947753221 0.153218391538
0.173767153174 0.153220547736
0.174226440489 0.153211839497
0.175037167966 0.153232017159
0.173585068434 0.153223088384
0.171497378498 0.153207994998
0.172844387591 0.153219780326
0.173704437912 0.153243127465
0.173909977078 0.153232304752
