20160317 1261.34281437 1270.6 1254.3
20160318 1256.9026764 1266.4 1247.7
20160320 1253.59137931 1255.4 1252.6
20160321 1246.20423921 1255.0 1240.8
20160322 1248.96887218 1259.7 1242.9
20160323 1230.0342165 1249.0 1215.4
20160324 1218.7 1223.3 1212.6
20160325 1216.7 1216.7 1216.7
20160327 1212.39831933 1215.6 1208.4
20160328 1216.64707692 1222.6 1208.2
20160329 1225.75866667 1242.4 1215.3
20160330 1233.28479228 1243.2 1223.6
20160331 1231.40216257 1238.9 1224.0
20160401 1226.22631579 1234.6 1209.5
20160403 1220.07711864 1221.7 1218.1
20160404 1217.49375 1222.2 1214.4
20160405 1228.08412112 1236.3 1214.7
20160406 1224.92776119 1231.7 1217.1
20160407 1233.78360176 1242.6 1223.5
20160408 1236.69939759 1242.3 1229.4
20160410 1244.77155172 1246.9 1239.8
20160411 1252.14876093 1259.6 1244.0
20160412 1256.22931937 1261.7 1251.3
20160413 1246.50957684 1256.2 1232.7
20160414 1232.43882353 1243.5 1223.6
20160415 1229.8733617 1235.4 1225.1
20160417 1236.73076923 1239.1 1234.5
20160418 1234.61862018 1241.2 1227.8
20160419 1243.6781994 1256.2 1227.8
20160420 1249.62297593 1257.4 1242.5
20160421 1252.2125183 1269.8 1243.4
20160422 1243.24774468 1251.6 1227.4
20160424 1231.55677966 1232.8 1230.8
20160425 1235.47058824 1241.4 1230.0
20160426 1238.29518875 1245.7 1231.4
20160427 1245.66908284 1250.3 1240.3
20160428 1256.16104272 1269.3 1237.7
20160429 1279.61459732 1295.6 1264.7
20160501 1293.20554318 1295.83 1290.81
20160502 1293.93931736 1303.44 1287.77
20160503 1289.89441455 1301.35 1278.91
20160504 1280.27123547 1289.08 1272.06
20160505 1278.01795504 1285.77 1269.65
20160506 1284.57532353 1295.28 1275.54
20160508 1285.57289694 1287.36 1283.63
20160509 1269.97182874 1284.97 1259.68
20160510 1265.25022513 1271.0 1257.95
20160511 1274.5394775 1278.49 1269.75
20160512 1269.52084844 1280.08 1263.29
20160513 1271.98904715 1275.92 1264.04
